0.06640625
0.05859375
0.09765625
0.0703125
0.046875
0.04296875
0.03515625
0.046875
0.05078125
0.07421875
0.03125
0.05078125
0.13671875
0.11328125
0.0703125
0.07421875
0.109375
0.0546875
0.01171875
0.01171875
0.046875
0.0625
0.05859375
0.21484375
0.38671875
0.09765625
0.05859375
0.0546875
0.0625
0.0703125
0.03515625
0.0390625
0.0390625
0.0390625
0.0390625
0.0390625
0.03515625
0.0390625
0.0390625
0.0390625
0.05078125
0.09375
0.12890625
0.19921875
0.1875
0.171875
0.21484375
0.15625
0.14453125
0.11328125
0.1171875
0.11328125
0.12890625
0.40625
0.4765625
0.42578125
0.33984375
0.10546875
0.0546875
0.06640625
0.09375
0.09375
0.13671875
0.0546875
0.0390625
0.02734375
0.03125
0.02734375
0.0390625
0.05859375
0.0546875
0.07421875
0.05859375
0.0625
0.0703125
0.07421875
0.0859375
0.078125
0.0625
0.0625
0.05859375
0.0703125
0.08203125
0.09765625
0.0546875
0.06640625
0.06640625
0.06640625
0.03125
0.03515625
0.03515625
0.03515625
0.03515625
0.08203125
0.25390625
0.43359375
0.4375
0.1796875
0.1015625
0.11328125
0.1015625
0.08203125
0.05078125
0.03515625
0.03515625
0.03515625
0.03515625
0.03515625
0.03125
0.03515625
0.0390625
0.07421875
0.08203125
0.09765625
0.109375
0.0859375
0.07421875
0.0625
0.06640625
0.06640625
0.0859375
0.04296875
0.05078125
0.05078125
0.0546875
0.08203125
0.078125
0.0390625
0.0234375
0.02734375
0.08203125
0.08203125
0.05078125
0.03125
0.05859375
0.0546875
0.0625
0.078125
0.07421875
0.0625
0.08203125
0.10546875
0.1015625
0.12109375
0.078125
0.0546875
0.07421875
0.0859375
0.1015625
0.10546875
0.09765625
0.0859375
0.08984375
0.109375
0.078125
0.16015625
0.0703125
0.078125
0.09375
0.08203125
0.09375
0.078125
0.05859375
0.07421875
0.046875
0.01171875
0.04296875
0.06640625
0.02734375
0.15625
0.05078125
0.0625
0.03515625
0.06640625
0.09375
0.05078125
0.08203125
0.0703125
0.08203125
0.0859375
0.1171875
0.10546875
0.1484375
0.140625
0.09375
0.19140625
0.15625
0.16015625
0.13671875
0.171875
0.109375
