0.04296875
0.1015625
0.046875
0.109375
0.05078125
0.01171875
0.01171875
0.07421875
0.1015625
0.08203125
0.01171875
0.0390625
0.078125
0.04296875
0.03125
0.078125
0.07421875
0.1015625
0.02734375
0.03515625
0.19140625
0.11328125
0.28125
0.19140625
0.11328125
0.08203125
0.12109375
0.015625
0.04296875
0.046875
0.0234375
0.03515625
0.03125
0.0234375
0.0625
0.03515625
0.078125
0.04296875
0.00390625
0.03515625
0.01953125
0.0078125
0.0078125
0.05859375
0.04296875
0.05859375
0.04296875
0.0078125
0.0390625
0.05078125
0.03125
0.015625
0.11328125
0.1875
0.2421875
0.0625
0.05859375
0.13671875
0.09765625
0.1875
0.11328125
0.1484375
0.21875
0.0859375
0.16015625
0.12109375
0.0859375
0.1015625
0.15234375
0.140625
0.26953125
0.15234375
0.2109375
0.18359375
0.22265625
0.17578125
0.19921875
0.2421875
0.21484375
0.2265625
0.1171875
0.1171875
0.13671875
0.2109375
0.2109375
0.17578125
0.36328125
0.53125
0.5625
0.6953125
0.5703125
0.75390625
0.75
0.33203125
0.078125
0.0859375
0.0390625
0.0390625
0.03515625
0.046875
0.05859375
0.05078125
0.21484375
0.34765625
0.265625
0.24609375
0.26953125
0.09375
0.15234375
0.12890625
0.1171875
0.1328125
0.109375
0.109375
0.15625
0.6171875
0.515625
0.0625
0.125
0.10546875
0.125
0.09765625
0.07421875
0.0390625
0.03515625
0.046875
0.04296875
0.37890625
0.7109375
0.7578125
0.76171875
0.68359375
0.6015625
0.11328125
0.05859375
0.02734375
0.02734375
0.0234375
0.04296875
0.21484375
0.51171875
0.3125
0.05078125
0.125
0.0703125
0.0703125
0.0859375
0.0859375
0.10546875
0.07421875
0.09375
0.0546875
0.0546875
0.06640625
0.08203125
0.08203125
0.1015625
0.10546875
0.1171875
0.10546875
0.1015625
0.1015625
0.10546875
0.07421875
0.12109375
0.1171875
0.1015625
0.08203125
0.125
0.12890625
0.17578125
0.08203125
