0.16796875
0.17578125
0.23046875
0.1953125
0.18359375
0.14453125
0.16796875
0.15234375
0.15625
0.1796875
0.2265625
0.1875
0.16015625
0.1796875
0.23046875
0.1875
0.1953125
0.16796875
0.15234375
0.1640625
0.140625
0.16015625
0.16796875
0.13671875
0.171875
0.16796875
0.25
0.22265625
0.21484375
0.14453125
0.17578125
0.13671875
0.14453125
0.171875
0.14453125
0.234375
0.1953125
0.20703125
0.171875
0.16015625
0.16015625
0.1484375
0.1640625
0.125
0.125
0.14453125
0.16015625
0.171875
0.171875
0.12890625
0.1484375
0.1796875
0.1171875
0.0703125
0.078125
0.046875
0.0546875
0.0546875
0.0390625
0.0390625
0.11328125
0.15234375
0.12890625
0.140625
0.1328125
0.12109375
0.078125
0.078125
0.08984375
0.0859375
0.09375
0.0859375
0.08203125
0.07421875
0.109375
0.08984375
0.12109375
0.11328125
0.109375
0.09375
0.09375
0.10546875
0.10546875
0.10546875
0.08203125
0.08984375
0.08203125
0.05859375
0.03515625
0.0546875
0.12890625
0.29296875
0.35546875
0.35546875
0.34375
0.3515625
0.37890625
0.3203125
0.28515625
0.26953125
0.26171875
0.07421875
0.10546875
0.0859375
0.04296875
0.0390625
0.03125
0.04296875
0.0390625
0.03515625
0.03515625
0.0390625
0.03515625
0.03125
0.0625
0.28515625
0.2734375
0.10546875
0.078125
0.10546875
0.09375
0.109375
0.109375
0.10546875
0.11328125
0.078125
0.10546875
0.1484375
0.12109375
0.09765625
0.15625
0.125
0.1875
0.16796875
0.14453125
0.18359375
0.16015625
0.21875
0.15625
0.18359375
0.13671875
0.1640625
0.15234375
0.1484375
0.15234375
0.15234375
0.19140625
0.14453125
0.203125
0.2109375
0.15625
0.12890625
0.17578125
0.19921875
0.1953125
0.1796875
0.16796875
0.171875
0.12109375
0.09375
0.08984375
0.0859375
0.0859375
0.08984375
0.10546875
0.078125
0.0625
0.078125
0.05859375
0.06640625
0.0859375
0.27734375
0.30078125
0.29296875
0.3046875
0.33984375
0.32421875
0.23046875
0.14453125
0.0859375
0.09375
0.09765625
0.0859375
0.0859375
0.07421875
0.0546875
0.0546875
0.0703125
0.234375
0.28125
0.33984375
0.3125
0.2890625
0.296875
0.29296875
0.17578125
0.078125
0.08203125
0.0859375
0.140625
0.12890625
0.18359375
0.140625
0.1171875
0.12890625
0.1015625
0.109375
0.1171875
0.08984375
0.0625
0.046875
0.08984375
0.08984375
0.0703125
0.078125
0.07421875
0.09375
0.05859375
0.08984375
0.09375
0.078125
0.05859375
0.05859375
0.0546875
0.08984375
0.07421875
0.0703125
0.16796875
0.21875
0.171875
0.08203125
0.08203125
0.07421875
0.046875
0.05078125
0.08984375
0.04296875
0.14453125
0.17578125
0.1796875
0.16015625
0.1328125
0.21875
0.29296875
0.3515625
0.35546875
0.33203125
0.37109375
0.1875
0.109375
0.125
0.0625
0.0390625
0.05859375
0.1015625
0.12109375
0.11328125
0.125
0.1328125
0.1328125
0.1328125
0.1171875
0.09765625
0.0859375
0.09375
0.10546875
0.09375
0.09765625
0.12109375
0.19921875
0.171875
0.1875
0.19921875
0.171875
0.1640625
0.16796875
0.1875
0.1796875
0.15625
0.20703125
0.171875
0.203125
0.203125
0.1640625
0.17578125
0.21484375
0.16015625
0.1875
0.19921875
0.171875
0.18359375
0.1640625
0.15234375
0.16796875
0.15234375
0.19921875
0.1484375
0.19140625
0.21875
0.17578125
0.19140625
0.19140625
0.16796875
0.203125
0.1640625
0.18359375
0.125
0.22265625
0.171875
0.1953125
0.21484375
0.1328125
0.17578125
0.1484375
0.171875
0.1953125
0.140625
0.140625
0.15625
0.17578125
0.1796875
0.1875
0.19140625
0.203125
0.1796875
0.16796875
0.1953125
0.140625
